[redshift]
temp-day=5700
temp-night=3500
brightness-day=0.6
brightness-night=0.4
gamma=0.8
adjustment-method=randr
location-provider=manual

[manual]
lat=5.634783823452121
lon=-0.17028683515329085
